134 0.825 0.18125 0.05555555555555555 0.03125
972 0.8222222222222222 0.228125 0.05555555555555555 0.03125
5 0.8222222222222222 0.275 0.05555555555555555 0.03125
1152 0.8222222222222222 0.321875 0.05555555555555555 0.03125
1034 0.17916666666666667 0.36875 0.05555555555555555 0.03125
552 0.8222222222222222 0.415625 0.05555555555555555 0.03125
1037 0.8222222222222222 0.4625 0.05555555555555555 0.03125
415 0.17916666666666667 0.509375 0.05555555555555555 0.03125
890 0.8111111111111111 0.65 0.05555555555555555 0.03125
818 0.3638888888888889 0.696875 0.05555555555555555 0.03125
953 0.8111111111111111 0.74375 0.05555555555555555 0.03125
505 0.8111111111111111 0.790625 0.05555555555555555 0.03125
326 0.30833333333333335 0.8375 0.05555555555555555 0.03125
1074 0.3194444444444444 0.884375 0.05555555555555555 0.03125
443 0.8111111111111111 0.93125 0.05555555555555555 0.03125
