683 0.8222222222222222 0.18125 0.05555555555555555 0.03125
216 0.3194444444444444 0.228125 0.05555555555555555 0.03125
383 0.8222222222222222 0.321875 0.05555555555555555 0.03125
433 0.8222222222222222 0.36875 0.05555555555555555 0.03125
836 0.3194444444444444 0.415625 0.05555555555555555 0.03125
172 0.8222222222222222 0.4625 0.05555555555555555 0.03125
777 0.25972222222222224 0.509375 0.05555555555555555 0.03125
1090 0.20972222222222223 0.603125 0.05555555555555555 0.03125
34 0.8111111111111111 0.65 0.05555555555555555 0.03125
935 0.3638888888888889 0.696875 0.05555555555555555 0.03125
676 0.8111111111111111 0.74375 0.05555555555555555 0.03125
244 0.8111111111111111 0.790625 0.05555555555555555 0.03125
211 0.16527777777777777 0.8375 0.05555555555555555 0.03125
467 0.6083333333333333 0.884375 0.05555555555555555 0.03125
963 0.35 0.93125 0.05555555555555555 0.03125
