811 0.8222222222222222 0.18125 0.05555555555555555 0.03125
681 0.2875 0.228125 0.05555555555555555 0.03125
305 0.8222222222222222 0.275 0.05555555555555555 0.03125
864 0.3236111111111111 0.321875 0.05555555555555555 0.03125
1019 0.6083333333333333 0.36875 0.05555555555555555 0.03125
324 0.8222222222222222 0.4625 0.05555555555555555 0.03125
1095 0.825 0.55625 0.05555555555555555 0.03125
294 0.8111111111111111 0.65 0.05555555555555555 0.03125
483 0.20972222222222223 0.696875 0.05555555555555555 0.03125
39 0.3194444444444444 0.74375 0.05555555555555555 0.03125
531 0.8111111111111111 0.8375 0.05555555555555555 0.03125
729 0.30833333333333335 0.884375 0.05555555555555555 0.03125
465 0.8111111111111111 0.93125 0.05555555555555555 0.03125
