1107 0.16527777777777777 0.18125 0.05555555555555555 0.03125
912 0.8222222222222222 0.228125 0.05555555555555555 0.03125
747 0.35 0.275 0.05555555555555555 0.03125
70 0.8222222222222222 0.321875 0.05555555555555555 0.03125
60 0.19583333333333333 0.36875 0.05555555555555555 0.03125
271 0.17916666666666667 0.509375 0.05555555555555555 0.03125
928 0.8222222222222222 0.603125 0.05555555555555555 0.03125
419 0.3194444444444444 0.696875 0.05555555555555555 0.03125
221 0.3638888888888889 0.74375 0.05555555555555555 0.03125
196 0.16527777777777777 0.790625 0.05555555555555555 0.03125
117 0.17916666666666667 0.884375 0.05555555555555555 0.03125
