74 0.16527777777777777 0.18125 0.05555555555555555 0.03125
739 0.35 0.228125 0.05555555555555555 0.03125
315 0.28055555555555556 0.275 0.05555555555555555 0.03125
916 0.16527777777777777 0.321875 0.05555555555555555 0.03125
883 0.1736111111111111 0.415625 0.05555555555555555 0.03125
30 0.8222222222222222 0.4625 0.05555555555555555 0.03125
43 0.35 0.509375 0.05555555555555555 0.03125
1025 0.17916666666666667 0.603125 0.05555555555555555 0.03125
1008 0.8111111111111111 0.65 0.05555555555555555 0.03125
47 0.825 0.696875 0.05555555555555555 0.03125
780 0.8111111111111111 0.790625 0.05555555555555555 0.03125
965 0.8111111111111111 0.8375 0.05555555555555555 0.03125
1139 0.8111111111111111 0.884375 0.05555555555555555 0.03125
898 0.3236111111111111 0.93125 0.05555555555555555 0.03125
