349 0.16527777777777777 0.18125 0.05555555555555555 0.03125
382 0.8222222222222222 0.228125 0.05555555555555555 0.03125
87 0.8222222222222222 0.275 0.05555555555555555 0.03125
265 0.30833333333333335 0.321875 0.05555555555555555 0.03125
334 0.8222222222222222 0.36875 0.05555555555555555 0.03125
785 0.8222222222222222 0.415625 0.05555555555555555 0.03125
181 0.8222222222222222 0.4625 0.05555555555555555 0.03125
17 0.8222222222222222 0.509375 0.05555555555555555 0.03125
851 0.8222222222222222 0.55625 0.05555555555555555 0.03125
199 0.6083333333333333 0.603125 0.05555555555555555 0.03125
893 0.8111111111111111 0.65 0.05555555555555555 0.03125
537 0.8111111111111111 0.696875 0.05555555555555555 0.03125
59 0.8111111111111111 0.74375 0.05555555555555555 0.03125
585 0.8111111111111111 0.790625 0.05555555555555555 0.03125
949 0.8111111111111111 0.8375 0.05555555555555555 0.03125
207 0.8111111111111111 0.884375 0.05555555555555555 0.03125
136 0.35 0.93125 0.05555555555555555 0.03125
