114 0.35 0.18125 0.05555555555555555 0.03125
624 0.8222222222222222 0.228125 0.05555555555555555 0.03125
177 0.19583333333333333 0.275 0.05555555555555555 0.03125
427 0.8222222222222222 0.321875 0.05555555555555555 0.03125
193 0.35 0.415625 0.05555555555555555 0.03125
601 0.8222222222222222 0.4625 0.05555555555555555 0.03125
615 0.8222222222222222 0.509375 0.05555555555555555 0.03125
1109 0.8222222222222222 0.603125 0.05555555555555555 0.03125
248 0.16527777777777777 0.74375 0.05555555555555555 0.03125
588 0.19583333333333333 0.8375 0.05555555555555555 0.03125
611 0.25972222222222224 0.884375 0.05555555555555555 0.03125
