386 0.6083333333333333 0.228125 0.05555555555555555 0.03125
1063 0.3236111111111111 0.275 0.05555555555555555 0.03125
924 0.3194444444444444 0.321875 0.05555555555555555 0.03125
317 0.16527777777777777 0.4625 0.05555555555555555 0.03125
1048 0.825 0.509375 0.05555555555555555 0.03125
71 0.8222222222222222 0.603125 0.05555555555555555 0.03125
40 0.35 0.65 0.05555555555555555 0.03125
591 0.1736111111111111 0.696875 0.05555555555555555 0.03125
200 0.17916666666666667 0.74375 0.05555555555555555 0.03125
157 0.8111111111111111 0.8375 0.05555555555555555 0.03125
461 0.1736111111111111 0.884375 0.05555555555555555 0.03125
52 0.3638888888888889 0.93125 0.05555555555555555 0.03125
