1129 0.6083333333333333 0.275 0.05555555555555555 0.03125
994 0.20972222222222223 0.36875 0.05555555555555555 0.03125
279 0.3638888888888889 0.415625 0.05555555555555555 0.03125
1104 0.30833333333333335 0.4625 0.05555555555555555 0.03125
881 0.8222222222222222 0.509375 0.05555555555555555 0.03125
645 0.8222222222222222 0.55625 0.05555555555555555 0.03125
944 0.2875 0.603125 0.05555555555555555 0.03125
760 0.8111111111111111 0.65 0.05555555555555555 0.03125
802 0.3638888888888889 0.74375 0.05555555555555555 0.03125
517 0.8111111111111111 0.790625 0.05555555555555555 0.03125
1106 0.30833333333333335 0.93125 0.05555555555555555 0.03125
