61 0.5180555555555556 0.18125 0.05555555555555555 0.03125
249 0.8222222222222222 0.228125 0.05555555555555555 0.03125
915 0.8222222222222222 0.275 0.05555555555555555 0.03125
574 0.8222222222222222 0.36875 0.05555555555555555 0.03125
582 0.8222222222222222 0.415625 0.05555555555555555 0.03125
1005 0.8222222222222222 0.55625 0.05555555555555555 0.03125
1123 0.28055555555555556 0.603125 0.05555555555555555 0.03125
321 0.6083333333333333 0.65 0.05555555555555555 0.03125
1123 0.8111111111111111 0.74375 0.05555555555555555 0.03125
214 0.30833333333333335 0.8375 0.05555555555555555 0.03125
714 0.8111111111111111 0.884375 0.05555555555555555 0.03125
