77 0.3194444444444444 0.18125 0.05555555555555555 0.03125
258 0.8222222222222222 0.228125 0.05555555555555555 0.03125
159 0.35 0.275 0.05555555555555555 0.03125
571 0.17916666666666667 0.36875 0.05555555555555555 0.03125
340 0.8222222222222222 0.415625 0.05555555555555555 0.03125
768 0.3236111111111111 0.4625 0.05555555555555555 0.03125
48 0.8222222222222222 0.509375 0.05555555555555555 0.03125
712 0.825 0.65 0.05555555555555555 0.03125
140 0.35 0.696875 0.05555555555555555 0.03125
592 0.17916666666666667 0.74375 0.05555555555555555 0.03125
329 0.35 0.790625 0.05555555555555555 0.03125
