368 0.6083333333333333 0.228125 0.05555555555555555 0.03125
350 0.8222222222222222 0.275 0.05555555555555555 0.03125
223 0.8222222222222222 0.321875 0.05555555555555555 0.03125
811 0.25972222222222224 0.36875 0.05555555555555555 0.03125
1026 0.28055555555555556 0.415625 0.05555555555555555 0.03125
252 0.8222222222222222 0.4625 0.05555555555555555 0.03125
378 0.6083333333333333 0.509375 0.05555555555555555 0.03125
63 0.3638888888888889 0.55625 0.05555555555555555 0.03125
429 0.8111111111111111 0.696875 0.05555555555555555 0.03125
902 0.17916666666666667 0.790625 0.05555555555555555 0.03125
201 0.16527777777777777 0.8375 0.05555555555555555 0.03125
45 0.28055555555555556 0.93125 0.05555555555555555 0.03125
