337 0.8222222222222222 0.18125 0.05555555555555555 0.03125
158 0.16527777777777777 0.228125 0.05555555555555555 0.03125
927 0.28055555555555556 0.275 0.05555555555555555 0.03125
774 0.25972222222222224 0.36875 0.05555555555555555 0.03125
884 0.3638888888888889 0.509375 0.05555555555555555 0.03125
126 0.8222222222222222 0.55625 0.05555555555555555 0.03125
520 0.20972222222222223 0.603125 0.05555555555555555 0.03125
32 0.8111111111111111 0.65 0.05555555555555555 0.03125
72 0.28055555555555556 0.696875 0.05555555555555555 0.03125
1146 0.8111111111111111 0.74375 0.05555555555555555 0.03125
759 0.3638888888888889 0.790625 0.05555555555555555 0.03125
31 0.28055555555555556 0.8375 0.05555555555555555 0.03125
803 0.1736111111111111 0.884375 0.05555555555555555 0.03125
462 0.8111111111111111 0.93125 0.05555555555555555 0.03125
