621 0.28055555555555556 0.18125 0.05555555555555555 0.03125
346 0.8222222222222222 0.228125 0.05555555555555555 0.03125
1116 0.8222222222222222 0.275 0.05555555555555555 0.03125
954 0.8222222222222222 0.36875 0.05555555555555555 0.03125
654 0.25972222222222224 0.4625 0.05555555555555555 0.03125
25 0.8222222222222222 0.509375 0.05555555555555555 0.03125
845 0.6083333333333333 0.55625 0.05555555555555555 0.03125
253 0.825 0.65 0.05555555555555555 0.03125
557 0.17916666666666667 0.74375 0.05555555555555555 0.03125
980 0.3638888888888889 0.884375 0.05555555555555555 0.03125
685 0.8111111111111111 0.93125 0.05555555555555555 0.03125
