268 0.6083333333333333 0.18125 0.05555555555555555 0.03125
211 0.20972222222222223 0.228125 0.05555555555555555 0.03125
701 0.3638888888888889 0.275 0.05555555555555555 0.03125
1156 0.8222222222222222 0.321875 0.05555555555555555 0.03125
390 0.8222222222222222 0.415625 0.05555555555555555 0.03125
284 0.35 0.509375 0.05555555555555555 0.03125
637 0.8222222222222222 0.55625 0.05555555555555555 0.03125
901 0.8111111111111111 0.603125 0.05555555555555555 0.03125
599 0.3236111111111111 0.65 0.05555555555555555 0.03125
703 0.8111111111111111 0.696875 0.05555555555555555 0.03125
876 0.8111111111111111 0.790625 0.05555555555555555 0.03125
730 0.8111111111111111 0.884375 0.05555555555555555 0.03125
