989 0.6083333333333333 0.18125 0.05555555555555555 0.03125
133 0.8222222222222222 0.228125 0.05555555555555555 0.03125
1094 0.8222222222222222 0.275 0.05555555555555555 0.03125
38 0.8222222222222222 0.36875 0.05555555555555555 0.03125
544 0.825 0.415625 0.05555555555555555 0.03125
65 0.8222222222222222 0.4625 0.05555555555555555 0.03125
1001 0.20972222222222223 0.509375 0.05555555555555555 0.03125
8 0.35 0.55625 0.05555555555555555 0.03125
246 0.20972222222222223 0.603125 0.05555555555555555 0.03125
111 0.8111111111111111 0.65 0.05555555555555555 0.03125
934 0.8111111111111111 0.74375 0.05555555555555555 0.03125
946 0.825 0.8375 0.05555555555555555 0.03125
722 0.8111111111111111 0.884375 0.05555555555555555 0.03125
863 0.3194444444444444 0.93125 0.05555555555555555 0.03125
