270 0.8222222222222222 0.18125 0.05555555555555555 0.03125
331 0.35 0.228125 0.05555555555555555 0.03125
29 0.17916666666666667 0.275 0.05555555555555555 0.03125
702 0.8222222222222222 0.321875 0.05555555555555555 0.03125
849 0.8222222222222222 0.36875 0.05555555555555555 0.03125
367 0.3638888888888889 0.415625 0.05555555555555555 0.03125
1141 0.8222222222222222 0.509375 0.05555555555555555 0.03125
214 0.8111111111111111 0.55625 0.05555555555555555 0.03125
218 0.8111111111111111 0.603125 0.05555555555555555 0.03125
910 0.1736111111111111 0.65 0.05555555555555555 0.03125
82 0.25972222222222224 0.696875 0.05555555555555555 0.03125
984 0.8111111111111111 0.74375 0.05555555555555555 0.03125
1071 0.3194444444444444 0.790625 0.05555555555555555 0.03125
239 0.28055555555555556 0.8375 0.05555555555555555 0.03125
447 0.8111111111111111 0.884375 0.05555555555555555 0.03125
