707 0.8222222222222222 0.18125 0.05555555555555555 0.03125
363 0.8222222222222222 0.228125 0.05555555555555555 0.03125
303 0.25972222222222224 0.275 0.05555555555555555 0.03125
226 0.2875 0.321875 0.05555555555555555 0.03125
856 0.8222222222222222 0.415625 0.05555555555555555 0.03125
1035 0.8222222222222222 0.509375 0.05555555555555555 0.03125
440 0.16527777777777777 0.55625 0.05555555555555555 0.03125
695 0.8111111111111111 0.603125 0.05555555555555555 0.03125
1036 0.16527777777777777 0.65 0.05555555555555555 0.03125
1015 0.30833333333333335 0.696875 0.05555555555555555 0.03125
737 0.8111111111111111 0.790625 0.05555555555555555 0.03125
426 0.3194444444444444 0.8375 0.05555555555555555 0.03125
1107 0.825 0.884375 0.05555555555555555 0.03125
