424 0.28055555555555556 0.228125 0.05555555555555555 0.03125
862 0.16527777777777777 0.275 0.05555555555555555 0.03125
477 0.8222222222222222 0.321875 0.05555555555555555 0.03125
958 0.6083333333333333 0.36875 0.05555555555555555 0.03125
654 0.16527777777777777 0.415625 0.05555555555555555 0.03125
449 0.8222222222222222 0.509375 0.05555555555555555 0.03125
1140 0.3194444444444444 0.55625 0.05555555555555555 0.03125
627 0.5180555555555556 0.603125 0.05555555555555555 0.03125
726 0.19583333333333333 0.74375 0.05555555555555555 0.03125
770 0.3236111111111111 0.790625 0.05555555555555555 0.03125
169 0.1736111111111111 0.884375 0.05555555555555555 0.03125
229 0.8111111111111111 0.93125 0.05555555555555555 0.03125
