486 0.3194444444444444 0.18125 0.05555555555555555 0.03125
90 0.6083333333333333 0.275 0.05555555555555555 0.03125
376 0.8222222222222222 0.321875 0.05555555555555555 0.03125
659 0.8222222222222222 0.36875 0.05555555555555555 0.03125
576 0.8222222222222222 0.415625 0.05555555555555555 0.03125
1066 0.5180555555555556 0.4625 0.05555555555555555 0.03125
118 0.8222222222222222 0.509375 0.05555555555555555 0.03125
641 0.8222222222222222 0.55625 0.05555555555555555 0.03125
538 0.8111111111111111 0.603125 0.05555555555555555 0.03125
842 0.8111111111111111 0.65 0.05555555555555555 0.03125
1132 0.3236111111111111 0.696875 0.05555555555555555 0.03125
1053 0.3194444444444444 0.74375 0.05555555555555555 0.03125
1028 0.17916666666666667 0.790625 0.05555555555555555 0.03125
677 0.1736111111111111 0.8375 0.05555555555555555 0.03125
129 0.8111111111111111 0.884375 0.05555555555555555 0.03125
16 0.8111111111111111 0.93125 0.05555555555555555 0.03125
