706 0.8222222222222222 0.18125 0.05555555555555555 0.03125
499 0.8222222222222222 0.275 0.05555555555555555 0.03125
681 0.25972222222222224 0.36875 0.05555555555555555 0.03125
128 0.19583333333333333 0.509375 0.05555555555555555 0.03125
987 0.8111111111111111 0.603125 0.05555555555555555 0.03125
330 0.20972222222222223 0.65 0.05555555555555555 0.03125
312 0.8111111111111111 0.74375 0.05555555555555555 0.03125
1032 0.3236111111111111 0.790625 0.05555555555555555 0.03125
446 0.3236111111111111 0.8375 0.05555555555555555 0.03125
482 0.1736111111111111 0.884375 0.05555555555555555 0.03125
286 0.1736111111111111 0.93125 0.05555555555555555 0.03125
