1031 0.8222222222222222 0.228125 0.05555555555555555 0.03125
557 0.19583333333333333 0.321875 0.05555555555555555 0.03125
718 0.2875 0.36875 0.05555555555555555 0.03125
217 0.8222222222222222 0.415625 0.05555555555555555 0.03125
577 0.30833333333333335 0.509375 0.05555555555555555 0.03125
850 0.16527777777777777 0.55625 0.05555555555555555 0.03125
86 0.8111111111111111 0.603125 0.05555555555555555 0.03125
639 0.8111111111111111 0.65 0.05555555555555555 0.03125
658 0.8111111111111111 0.696875 0.05555555555555555 0.03125
560 0.8111111111111111 0.74375 0.05555555555555555 0.03125
1105 0.8111111111111111 0.790625 0.05555555555555555 0.03125
188 0.2875 0.8375 0.05555555555555555 0.03125
647 0.3236111111111111 0.93125 0.05555555555555555 0.03125
