409 0.6083333333333333 0.18125 0.05555555555555555 0.03125
715 0.8222222222222222 0.228125 0.05555555555555555 0.03125
944 0.19583333333333333 0.275 0.05555555555555555 0.03125
1 0.8222222222222222 0.36875 0.05555555555555555 0.03125
145 0.35 0.509375 0.05555555555555555 0.03125
1091 0.8222222222222222 0.65 0.05555555555555555 0.03125
662 0.20972222222222223 0.696875 0.05555555555555555 0.03125
131 0.8111111111111111 0.74375 0.05555555555555555 0.03125
423 0.8111111111111111 0.790625 0.05555555555555555 0.03125
644 0.5180555555555556 0.8375 0.05555555555555555 0.03125
26 0.8111111111111111 0.884375 0.05555555555555555 0.03125
826 0.8111111111111111 0.93125 0.05555555555555555 0.03125
