40 0.35 0.18125 0.05555555555555555 0.03125
781 0.8222222222222222 0.228125 0.05555555555555555 0.03125
696 0.8222222222222222 0.275 0.05555555555555555 0.03125
138 0.8222222222222222 0.321875 0.05555555555555555 0.03125
450 0.3194444444444444 0.36875 0.05555555555555555 0.03125
256 0.6083333333333333 0.415625 0.05555555555555555 0.03125
564 0.17916666666666667 0.4625 0.05555555555555555 0.03125
323 0.30833333333333335 0.509375 0.05555555555555555 0.03125
1145 0.8111111111111111 0.55625 0.05555555555555555 0.03125
394 0.1736111111111111 0.603125 0.05555555555555555 0.03125
689 0.28055555555555556 0.65 0.05555555555555555 0.03125
1054 0.20972222222222223 0.74375 0.05555555555555555 0.03125
575 0.16527777777777777 0.8375 0.05555555555555555 0.03125
1039 0.8111111111111111 0.884375 0.05555555555555555 0.03125
533 0.8111111111111111 0.93125 0.05555555555555555 0.03125
