864 0.16527777777777777 0.18125 0.05555555555555555 0.03125
858 0.8222222222222222 0.228125 0.05555555555555555 0.03125
456 0.5180555555555556 0.275 0.05555555555555555 0.03125
104 0.8222222222222222 0.321875 0.05555555555555555 0.03125
872 0.1736111111111111 0.36875 0.05555555555555555 0.03125
75 0.3194444444444444 0.415625 0.05555555555555555 0.03125
125 0.35 0.4625 0.05555555555555555 0.03125
94 0.16527777777777777 0.55625 0.05555555555555555 0.03125
42 0.30833333333333335 0.65 0.05555555555555555 0.03125
1153 0.16527777777777777 0.696875 0.05555555555555555 0.03125
283 0.8111111111111111 0.74375 0.05555555555555555 0.03125
506 0.8111111111111111 0.790625 0.05555555555555555 0.03125
1128 0.2875 0.8375 0.05555555555555555 0.03125
224 0.8111111111111111 0.884375 0.05555555555555555 0.03125
298 0.8111111111111111 0.93125 0.05555555555555555 0.03125
