432 0.8222222222222222 0.228125 0.05555555555555555 0.03125
49 0.17916666666666667 0.275 0.05555555555555555 0.03125
110 0.3638888888888889 0.321875 0.05555555555555555 0.03125
88 0.20972222222222223 0.36875 0.05555555555555555 0.03125
233 0.8222222222222222 0.415625 0.05555555555555555 0.03125
289 0.825 0.4625 0.05555555555555555 0.03125
705 0.20972222222222223 0.55625 0.05555555555555555 0.03125
866 0.20972222222222223 0.65 0.05555555555555555 0.03125
37 0.3236111111111111 0.696875 0.05555555555555555 0.03125
500 0.8111111111111111 0.74375 0.05555555555555555 0.03125
468 0.8111111111111111 0.790625 0.05555555555555555 0.03125
395 0.3194444444444444 0.8375 0.05555555555555555 0.03125
680 0.825 0.884375 0.05555555555555555 0.03125
876 0.17916666666666667 0.93125 0.05555555555555555 0.03125
