466 0.28055555555555556 0.18125 0.05555555555555555 0.03125
1061 0.20972222222222223 0.228125 0.05555555555555555 0.03125
820 0.25972222222222224 0.275 0.05555555555555555 0.03125
438 0.2875 0.321875 0.05555555555555555 0.03125
80 0.8222222222222222 0.36875 0.05555555555555555 0.03125
23 0.8222222222222222 0.415625 0.05555555555555555 0.03125
658 0.8222222222222222 0.4625 0.05555555555555555 0.03125
973 0.3638888888888889 0.509375 0.05555555555555555 0.03125
651 0.6083333333333333 0.55625 0.05555555555555555 0.03125
463 0.30833333333333335 0.603125 0.05555555555555555 0.03125
853 0.8111111111111111 0.65 0.05555555555555555 0.03125
580 0.8111111111111111 0.696875 0.05555555555555555 0.03125
176 0.825 0.884375 0.05555555555555555 0.03125
504 0.35 0.93125 0.05555555555555555 0.03125
