961 0.5180555555555556 0.18125 0.05555555555555555 0.03125
168 0.3236111111111111 0.275 0.05555555555555555 0.03125
518 0.16527777777777777 0.321875 0.05555555555555555 0.03125
868 0.30833333333333335 0.36875 0.05555555555555555 0.03125
347 0.25972222222222224 0.415625 0.05555555555555555 0.03125
799 0.8222222222222222 0.4625 0.05555555555555555 0.03125
1069 0.28055555555555556 0.509375 0.05555555555555555 0.03125
1013 0.6083333333333333 0.603125 0.05555555555555555 0.03125
381 0.2875 0.65 0.05555555555555555 0.03125
990 0.8222222222222222 0.696875 0.05555555555555555 0.03125
314 0.8111111111111111 0.74375 0.05555555555555555 0.03125
205 0.825 0.790625 0.05555555555555555 0.03125
724 0.8111111111111111 0.8375 0.05555555555555555 0.03125
835 0.3236111111111111 0.884375 0.05555555555555555 0.03125
66 0.8111111111111111 0.93125 0.05555555555555555 0.03125
