46 0.1736111111111111 0.18125 0.05555555555555555 0.03125
306 0.30833333333333335 0.275 0.05555555555555555 0.03125
793 0.8222222222222222 0.321875 0.05555555555555555 0.03125
116 0.8222222222222222 0.36875 0.05555555555555555 0.03125
937 0.8222222222222222 0.509375 0.05555555555555555 0.03125
851 0.8222222222222222 0.55625 0.05555555555555555 0.03125
155 0.8111111111111111 0.603125 0.05555555555555555 0.03125
372 0.35 0.65 0.05555555555555555 0.03125
248 0.8111111111111111 0.884375 0.05555555555555555 0.03125
1003 0.8111111111111111 0.93125 0.05555555555555555 0.03125
