1082 0.8222222222222222 0.18125 0.05555555555555555 0.03125
888 0.30833333333333335 0.228125 0.05555555555555555 0.03125
766 0.35 0.275 0.05555555555555555 0.03125
794 0.8222222222222222 0.321875 0.05555555555555555 0.03125
497 0.8222222222222222 0.36875 0.05555555555555555 0.03125
155 0.16527777777777777 0.4625 0.05555555555555555 0.03125
1065 0.8222222222222222 0.509375 0.05555555555555555 0.03125
572 0.2875 0.55625 0.05555555555555555 0.03125
403 0.8111111111111111 0.603125 0.05555555555555555 0.03125
606 0.8111111111111111 0.65 0.05555555555555555 0.03125
325 0.6083333333333333 0.696875 0.05555555555555555 0.03125
336 0.8111111111111111 0.74375 0.05555555555555555 0.03125
1004 0.17916666666666667 0.8375 0.05555555555555555 0.03125
309 0.17916666666666667 0.884375 0.05555555555555555 0.03125
957 0.8111111111111111 0.93125 0.05555555555555555 0.03125
