684 0.8222222222222222 0.18125 0.05555555555555555 0.03125
834 0.20972222222222223 0.228125 0.05555555555555555 0.03125
282 0.3638888888888889 0.275 0.05555555555555555 0.03125
583 0.8222222222222222 0.321875 0.05555555555555555 0.03125
581 0.8222222222222222 0.36875 0.05555555555555555 0.03125
1057 0.35 0.415625 0.05555555555555555 0.03125
1088 0.8222222222222222 0.4625 0.05555555555555555 0.03125
817 0.8222222222222222 0.509375 0.05555555555555555 0.03125
401 0.8222222222222222 0.65 0.05555555555555555 0.03125
810 0.16527777777777777 0.74375 0.05555555555555555 0.03125
566 0.8111111111111111 0.790625 0.05555555555555555 0.03125
416 0.28055555555555556 0.8375 0.05555555555555555 0.03125
1100 0.30833333333333335 0.884375 0.05555555555555555 0.03125
