2 0.20972222222222223 0.18125 0.05555555555555555 0.03125
1049 0.8222222222222222 0.228125 0.05555555555555555 0.03125
292 0.825 0.275 0.05555555555555555 0.03125
77 0.8222222222222222 0.321875 0.05555555555555555 0.03125
154 0.6083333333333333 0.36875 0.05555555555555555 0.03125
623 0.825 0.415625 0.05555555555555555 0.03125
97 0.8222222222222222 0.4625 0.05555555555555555 0.03125
116 0.8222222222222222 0.509375 0.05555555555555555 0.03125
526 0.2875 0.55625 0.05555555555555555 0.03125
1073 0.8222222222222222 0.603125 0.05555555555555555 0.03125
799 0.2875 0.65 0.05555555555555555 0.03125
1151 0.2875 0.74375 0.05555555555555555 0.03125
513 0.2875 0.790625 0.05555555555555555 0.03125
451 0.28055555555555556 0.8375 0.05555555555555555 0.03125
548 0.25972222222222224 0.884375 0.05555555555555555 0.03125
370 0.28055555555555556 0.93125 0.05555555555555555 0.03125
