543 0.8222222222222222 0.18125 0.05555555555555555 0.03125
952 0.8222222222222222 0.228125 0.05555555555555555 0.03125
417 0.8222222222222222 0.275 0.05555555555555555 0.03125
490 0.8222222222222222 0.321875 0.05555555555555555 0.03125
781 0.8222222222222222 0.36875 0.05555555555555555 0.03125
664 0.25972222222222224 0.4625 0.05555555555555555 0.03125
725 0.8222222222222222 0.509375 0.05555555555555555 0.03125
805 0.5180555555555556 0.55625 0.05555555555555555 0.03125
948 0.25972222222222224 0.603125 0.05555555555555555 0.03125
812 0.8111111111111111 0.65 0.05555555555555555 0.03125
1085 0.8111111111111111 0.74375 0.05555555555555555 0.03125
943 0.1736111111111111 0.790625 0.05555555555555555 0.03125
1111 0.8111111111111111 0.8375 0.05555555555555555 0.03125
778 0.25972222222222224 0.884375 0.05555555555555555 0.03125
127 0.25972222222222224 0.93125 0.05555555555555555 0.03125
