189 0.30833333333333335 0.18125 0.05555555555555555 0.03125
847 0.35 0.228125 0.05555555555555555 0.03125
945 0.8222222222222222 0.275 0.05555555555555555 0.03125
1164 0.8222222222222222 0.321875 0.05555555555555555 0.03125
195 0.19583333333333333 0.36875 0.05555555555555555 0.03125
1079 0.20972222222222223 0.415625 0.05555555555555555 0.03125
887 0.30833333333333335 0.509375 0.05555555555555555 0.03125
932 0.8111111111111111 0.603125 0.05555555555555555 0.03125
362 0.3194444444444444 0.65 0.05555555555555555 0.03125
464 0.8111111111111111 0.696875 0.05555555555555555 0.03125
828 0.8111111111111111 0.790625 0.05555555555555555 0.03125
317 0.5180555555555556 0.8375 0.05555555555555555 0.03125
1163 0.3638888888888889 0.884375 0.05555555555555555 0.03125
608 0.25972222222222224 0.93125 0.05555555555555555 0.03125
