640 0.8222222222222222 0.18125 0.05555555555555555 0.03125
605 0.30833333333333335 0.228125 0.05555555555555555 0.03125
300 0.8222222222222222 0.321875 0.05555555555555555 0.03125
210 0.8222222222222222 0.36875 0.05555555555555555 0.03125
376 0.25972222222222224 0.415625 0.05555555555555555 0.03125
260 0.8222222222222222 0.4625 0.05555555555555555 0.03125
1156 0.25972222222222224 0.55625 0.05555555555555555 0.03125
527 0.5180555555555556 0.603125 0.05555555555555555 0.03125
494 0.8111111111111111 0.65 0.05555555555555555 0.03125
678 0.8111111111111111 0.74375 0.05555555555555555 0.03125
166 0.3194444444444444 0.790625 0.05555555555555555 0.03125
70 0.3236111111111111 0.8375 0.05555555555555555 0.03125
839 0.8111111111111111 0.884375 0.05555555555555555 0.03125
365 0.3638888888888889 0.93125 0.05555555555555555 0.03125
