1001 0.825 0.18125 0.05555555555555555 0.03125
150 0.8222222222222222 0.228125 0.05555555555555555 0.03125
1077 0.8222222222222222 0.275 0.05555555555555555 0.03125
723 0.8222222222222222 0.4625 0.05555555555555555 0.03125
692 0.8222222222222222 0.509375 0.05555555555555555 0.03125
687 0.30833333333333335 0.55625 0.05555555555555555 0.03125
809 0.16527777777777777 0.603125 0.05555555555555555 0.03125
430 0.8111111111111111 0.696875 0.05555555555555555 0.03125
471 0.8111111111111111 0.74375 0.05555555555555555 0.03125
515 0.28055555555555556 0.790625 0.05555555555555555 0.03125
846 0.3236111111111111 0.8375 0.05555555555555555 0.03125
4 0.20972222222222223 0.884375 0.05555555555555555 0.03125
845 0.25972222222222224 0.93125 0.05555555555555555 0.03125
