539 0.35 0.18125 0.05555555555555555 0.03125
47 0.8222222222222222 0.275 0.05555555555555555 0.03125
164 0.3194444444444444 0.36875 0.05555555555555555 0.03125
771 0.8222222222222222 0.415625 0.05555555555555555 0.03125
652 0.6083333333333333 0.509375 0.05555555555555555 0.03125
480 0.8222222222222222 0.55625 0.05555555555555555 0.03125
648 0.8222222222222222 0.603125 0.05555555555555555 0.03125
68 0.8111111111111111 0.696875 0.05555555555555555 0.03125
584 0.19583333333333333 0.74375 0.05555555555555555 0.03125
792 0.8111111111111111 0.790625 0.05555555555555555 0.03125
360 0.5180555555555556 0.8375 0.05555555555555555 0.03125
675 0.2875 0.884375 0.05555555555555555 0.03125
964 0.20972222222222223 0.93125 0.05555555555555555 0.03125
