235 0.2875 0.18125 0.05555555555555555 0.03125
943 0.8222222222222222 0.228125 0.05555555555555555 0.03125
727 0.8222222222222222 0.275 0.05555555555555555 0.03125
838 0.6083333333333333 0.415625 0.05555555555555555 0.03125
421 0.28055555555555556 0.4625 0.05555555555555555 0.03125
24 0.8222222222222222 0.509375 0.05555555555555555 0.03125
1075 0.8222222222222222 0.55625 0.05555555555555555 0.03125
982 0.8111111111111111 0.603125 0.05555555555555555 0.03125
476 0.19583333333333333 0.65 0.05555555555555555 0.03125
530 0.25972222222222224 0.696875 0.05555555555555555 0.03125
956 0.25972222222222224 0.790625 0.05555555555555555 0.03125
698 0.8111111111111111 0.8375 0.05555555555555555 0.03125
753 0.8111111111111111 0.884375 0.05555555555555555 0.03125
