840 0.8222222222222222 0.18125 0.05555555555555555 0.03125
1137 0.825 0.228125 0.05555555555555555 0.03125
875 0.1736111111111111 0.321875 0.05555555555555555 0.03125
675 0.3236111111111111 0.36875 0.05555555555555555 0.03125
622 0.19583333333333333 0.415625 0.05555555555555555 0.03125
732 0.8222222222222222 0.4625 0.05555555555555555 0.03125
880 0.8111111111111111 0.509375 0.05555555555555555 0.03125
604 0.8111111111111111 0.603125 0.05555555555555555 0.03125
105 0.8111111111111111 0.65 0.05555555555555555 0.03125
1009 0.3194444444444444 0.696875 0.05555555555555555 0.03125
412 0.2875 0.74375 0.05555555555555555 0.03125
79 0.825 0.790625 0.05555555555555555 0.03125
37 0.8111111111111111 0.8375 0.05555555555555555 0.03125
956 0.8111111111111111 0.884375 0.05555555555555555 0.03125
91 0.8111111111111111 0.93125 0.05555555555555555 0.03125
