493 0.3638888888888889 0.18125 0.05555555555555555 0.03125
327 0.8222222222222222 0.275 0.05555555555555555 0.03125
547 0.8222222222222222 0.321875 0.05555555555555555 0.03125
485 0.8222222222222222 0.4625 0.05555555555555555 0.03125
1043 0.8222222222222222 0.509375 0.05555555555555555 0.03125
748 0.8222222222222222 0.603125 0.05555555555555555 0.03125
58 0.16527777777777777 0.65 0.05555555555555555 0.03125
1075 0.25972222222222224 0.696875 0.05555555555555555 0.03125
719 0.8111111111111111 0.74375 0.05555555555555555 0.03125
316 0.8111111111111111 0.790625 0.05555555555555555 0.03125
573 0.8111111111111111 0.8375 0.05555555555555555 0.03125
843 0.8111111111111111 0.884375 0.05555555555555555 0.03125
