922 0.25972222222222224 0.228125 0.05555555555555555 0.03125
1144 0.8222222222222222 0.275 0.05555555555555555 0.03125
534 0.8222222222222222 0.321875 0.05555555555555555 0.03125
931 0.8222222222222222 0.36875 0.05555555555555555 0.03125
751 0.35 0.415625 0.05555555555555555 0.03125
293 0.8222222222222222 0.4625 0.05555555555555555 0.03125
420 0.17916666666666667 0.509375 0.05555555555555555 0.03125
1129 0.6083333333333333 0.55625 0.05555555555555555 0.03125
1090 0.5180555555555556 0.603125 0.05555555555555555 0.03125
827 0.28055555555555556 0.65 0.05555555555555555 0.03125
1089 0.8111111111111111 0.696875 0.05555555555555555 0.03125
180 0.8111111111111111 0.8375 0.05555555555555555 0.03125
1049 0.5180555555555556 0.884375 0.05555555555555555 0.03125
955 0.1736111111111111 0.93125 0.05555555555555555 0.03125
