83 0.28055555555555556 0.18125 0.05555555555555555 0.03125
511 0.1736111111111111 0.228125 0.05555555555555555 0.03125
444 0.28055555555555556 0.275 0.05555555555555555 0.03125
1068 0.8222222222222222 0.321875 0.05555555555555555 0.03125
820 0.20972222222222223 0.36875 0.05555555555555555 0.03125
1046 0.8222222222222222 0.415625 0.05555555555555555 0.03125
864 0.8222222222222222 0.4625 0.05555555555555555 0.03125
445 0.19583333333333333 0.509375 0.05555555555555555 0.03125
854 0.6083333333333333 0.603125 0.05555555555555555 0.03125
1159 0.16527777777777777 0.65 0.05555555555555555 0.03125
951 0.8111111111111111 0.74375 0.05555555555555555 0.03125
643 0.35 0.790625 0.05555555555555555 0.03125
706 0.3236111111111111 0.8375 0.05555555555555555 0.03125
968 0.6083333333333333 0.93125 0.05555555555555555 0.03125
