1056 0.35 0.228125 0.05555555555555555 0.03125
34 0.1736111111111111 0.36875 0.05555555555555555 0.03125
1142 0.17916666666666667 0.415625 0.05555555555555555 0.03125
1108 0.8222222222222222 0.509375 0.05555555555555555 0.03125
867 0.3194444444444444 0.55625 0.05555555555555555 0.03125
814 0.19583333333333333 0.696875 0.05555555555555555 0.03125
575 0.8111111111111111 0.790625 0.05555555555555555 0.03125
335 0.8111111111111111 0.8375 0.05555555555555555 0.03125
85 0.8111111111111111 0.884375 0.05555555555555555 0.03125
626 0.6083333333333333 0.93125 0.05555555555555555 0.03125
