397 0.8222222222222222 0.18125 0.05555555555555555 0.03125
964 0.8222222222222222 0.228125 0.05555555555555555 0.03125
197 0.28055555555555556 0.275 0.05555555555555555 0.03125
977 0.8222222222222222 0.321875 0.05555555555555555 0.03125
767 0.3638888888888889 0.36875 0.05555555555555555 0.03125
1029 0.25972222222222224 0.415625 0.05555555555555555 0.03125
170 0.8222222222222222 0.509375 0.05555555555555555 0.03125
502 0.8111111111111111 0.696875 0.05555555555555555 0.03125
569 0.8111111111111111 0.74375 0.05555555555555555 0.03125
630 0.17916666666666667 0.790625 0.05555555555555555 0.03125
1157 0.16527777777777777 0.8375 0.05555555555555555 0.03125
408 0.8111111111111111 0.884375 0.05555555555555555 0.03125
764 0.8111111111111111 0.93125 0.05555555555555555 0.03125
