249 0.1736111111111111 0.18125 0.05555555555555555 0.03125
181 0.19583333333333333 0.228125 0.05555555555555555 0.03125
596 0.8222222222222222 0.275 0.05555555555555555 0.03125
736 0.35 0.321875 0.05555555555555555 0.03125
772 0.8222222222222222 0.415625 0.05555555555555555 0.03125
586 0.3638888888888889 0.4625 0.05555555555555555 0.03125
93 0.25972222222222224 0.509375 0.05555555555555555 0.03125
966 0.8222222222222222 0.603125 0.05555555555555555 0.03125
690 0.8222222222222222 0.65 0.05555555555555555 0.03125
938 0.20972222222222223 0.696875 0.05555555555555555 0.03125
796 0.8222222222222222 0.74375 0.05555555555555555 0.03125
1131 0.8111111111111111 0.790625 0.05555555555555555 0.03125
257 0.8111111111111111 0.8375 0.05555555555555555 0.03125
1040 0.6083333333333333 0.884375 0.05555555555555555 0.03125
