1158 0.25972222222222224 0.275 0.05555555555555555 0.03125
693 0.8222222222222222 0.321875 0.05555555555555555 0.03125
392 0.3638888888888889 0.36875 0.05555555555555555 0.03125
301 0.35 0.415625 0.05555555555555555 0.03125
807 0.8222222222222222 0.4625 0.05555555555555555 0.03125
1018 0.3638888888888889 0.509375 0.05555555555555555 0.03125
378 0.8222222222222222 0.55625 0.05555555555555555 0.03125
558 0.2875 0.603125 0.05555555555555555 0.03125
634 0.8111111111111111 0.65 0.05555555555555555 0.03125
434 0.2875 0.696875 0.05555555555555555 0.03125
541 0.8111111111111111 0.74375 0.05555555555555555 0.03125
1110 0.8111111111111111 0.884375 0.05555555555555555 0.03125
642 0.3638888888888889 0.93125 0.05555555555555555 0.03125
