442 0.3194444444444444 0.18125 0.05555555555555555 0.03125
1002 0.25972222222222224 0.228125 0.05555555555555555 0.03125
801 0.17916666666666667 0.275 0.05555555555555555 0.03125
628 0.19583333333333333 0.321875 0.05555555555555555 0.03125
139 0.28055555555555556 0.509375 0.05555555555555555 0.03125
977 0.3194444444444444 0.55625 0.05555555555555555 0.03125
542 0.8111111111111111 0.603125 0.05555555555555555 0.03125
105 0.25972222222222224 0.696875 0.05555555555555555 0.03125
240 0.17916666666666667 0.74375 0.05555555555555555 0.03125
359 0.16527777777777777 0.790625 0.05555555555555555 0.03125
481 0.8111111111111111 0.8375 0.05555555555555555 0.03125
415 0.20972222222222223 0.93125 0.05555555555555555 0.03125
