763 0.28055555555555556 0.18125 0.05555555555555555 0.03125
647 0.8222222222222222 0.228125 0.05555555555555555 0.03125
406 0.28055555555555556 0.275 0.05555555555555555 0.03125
886 0.3638888888888889 0.509375 0.05555555555555555 0.03125
553 0.8222222222222222 0.55625 0.05555555555555555 0.03125
178 0.8111111111111111 0.74375 0.05555555555555555 0.03125
967 0.8111111111111111 0.790625 0.05555555555555555 0.03125
96 0.8111111111111111 0.8375 0.05555555555555555 0.03125
854 0.28055555555555556 0.884375 0.05555555555555555 0.03125
522 0.1736111111111111 0.93125 0.05555555555555555 0.03125
