299 0.8222222222222222 0.18125 0.05555555555555555 0.03125
18 0.8222222222222222 0.228125 0.05555555555555555 0.03125
614 0.3638888888888889 0.321875 0.05555555555555555 0.03125
903 0.8222222222222222 0.36875 0.05555555555555555 0.03125
563 0.3236111111111111 0.415625 0.05555555555555555 0.03125
320 0.8222222222222222 0.4625 0.05555555555555555 0.03125
717 0.8222222222222222 0.509375 0.05555555555555555 0.03125
43 0.8222222222222222 0.55625 0.05555555555555555 0.03125
672 0.28055555555555556 0.603125 0.05555555555555555 0.03125
535 0.28055555555555556 0.65 0.05555555555555555 0.03125
183 0.1736111111111111 0.696875 0.05555555555555555 0.03125
996 0.8111111111111111 0.790625 0.05555555555555555 0.03125
1057 0.8111111111111111 0.8375 0.05555555555555555 0.03125
993 0.8111111111111111 0.884375 0.05555555555555555 0.03125
579 0.8111111111111111 0.93125 0.05555555555555555 0.03125
