261 0.8222222222222222 0.228125 0.05555555555555555 0.03125
1121 0.8222222222222222 0.321875 0.05555555555555555 0.03125
253 0.8222222222222222 0.36875 0.05555555555555555 0.03125
162 0.19583333333333333 0.415625 0.05555555555555555 0.03125
143 0.8222222222222222 0.4625 0.05555555555555555 0.03125
108 0.8222222222222222 0.55625 0.05555555555555555 0.03125
169 0.8111111111111111 0.603125 0.05555555555555555 0.03125
1126 0.28055555555555556 0.65 0.05555555555555555 0.03125
264 0.8111111111111111 0.696875 0.05555555555555555 0.03125
784 0.8111111111111111 0.74375 0.05555555555555555 0.03125
844 0.2875 0.790625 0.05555555555555555 0.03125
791 0.28055555555555556 0.8375 0.05555555555555555 0.03125
453 0.8111111111111111 0.884375 0.05555555555555555 0.03125
