89 0.28055555555555556 0.18125 0.05555555555555555 0.03125
963 0.8222222222222222 0.228125 0.05555555555555555 0.03125
15 0.825 0.321875 0.05555555555555555 0.03125
361 0.8222222222222222 0.415625 0.05555555555555555 0.03125
1078 0.35 0.4625 0.05555555555555555 0.03125
307 0.8222222222222222 0.509375 0.05555555555555555 0.03125
562 0.8222222222222222 0.55625 0.05555555555555555 0.03125
869 0.3638888888888889 0.603125 0.05555555555555555 0.03125
1118 0.16527777777777777 0.65 0.05555555555555555 0.03125
848 0.17916666666666667 0.696875 0.05555555555555555 0.03125
332 0.3638888888888889 0.74375 0.05555555555555555 0.03125
998 0.8111111111111111 0.790625 0.05555555555555555 0.03125
220 0.30833333333333335 0.8375 0.05555555555555555 0.03125
619 0.6083333333333333 0.884375 0.05555555555555555 0.03125
940 0.5180555555555556 0.93125 0.05555555555555555 0.03125
