1133 0.20972222222222223 0.18125 0.05555555555555555 0.03125
819 0.8222222222222222 0.228125 0.05555555555555555 0.03125
1052 0.8222222222222222 0.275 0.05555555555555555 0.03125
512 0.8222222222222222 0.321875 0.05555555555555555 0.03125
147 0.8222222222222222 0.36875 0.05555555555555555 0.03125
333 0.8222222222222222 0.415625 0.05555555555555555 0.03125
280 0.8222222222222222 0.4625 0.05555555555555555 0.03125
115 0.8222222222222222 0.509375 0.05555555555555555 0.03125
354 0.8222222222222222 0.55625 0.05555555555555555 0.03125
790 0.8222222222222222 0.603125 0.05555555555555555 0.03125
454 0.20972222222222223 0.696875 0.05555555555555555 0.03125
142 0.8111111111111111 0.74375 0.05555555555555555 0.03125
217 0.8111111111111111 0.790625 0.05555555555555555 0.03125
371 0.3236111111111111 0.8375 0.05555555555555555 0.03125
460 0.30833333333333335 0.884375 0.05555555555555555 0.03125
