1123 0.8222222222222222 0.18125 0.05555555555555555 0.03125
616 0.6083333333333333 0.228125 0.05555555555555555 0.03125
895 0.28055555555555556 0.275 0.05555555555555555 0.03125
798 0.25972222222222224 0.36875 0.05555555555555555 0.03125
1024 0.17916666666666667 0.415625 0.05555555555555555 0.03125
219 0.19583333333333333 0.4625 0.05555555555555555 0.03125
296 0.8222222222222222 0.509375 0.05555555555555555 0.03125
480 0.8222222222222222 0.55625 0.05555555555555555 0.03125
349 0.825 0.603125 0.05555555555555555 0.03125
344 0.8111111111111111 0.65 0.05555555555555555 0.03125
930 0.8111111111111111 0.696875 0.05555555555555555 0.03125
549 0.3638888888888889 0.74375 0.05555555555555555 0.03125
170 0.1736111111111111 0.884375 0.05555555555555555 0.03125
