357 0.2875 0.18125 0.05555555555555555 0.03125
241 0.3638888888888889 0.228125 0.05555555555555555 0.03125
174 0.16527777777777777 0.275 0.05555555555555555 0.03125
668 0.5180555555555556 0.321875 0.05555555555555555 0.03125
102 0.8222222222222222 0.36875 0.05555555555555555 0.03125
288 0.8222222222222222 0.415625 0.05555555555555555 0.03125
941 0.8222222222222222 0.4625 0.05555555555555555 0.03125
422 0.8222222222222222 0.509375 0.05555555555555555 0.03125
992 0.8222222222222222 0.55625 0.05555555555555555 0.03125
375 0.8222222222222222 0.603125 0.05555555555555555 0.03125
503 0.6083333333333333 0.65 0.05555555555555555 0.03125
491 0.8111111111111111 0.696875 0.05555555555555555 0.03125
1027 0.8111111111111111 0.8375 0.05555555555555555 0.03125
593 0.825 0.884375 0.05555555555555555 0.03125
1016 0.17916666666666667 0.93125 0.05555555555555555 0.03125
