180 0.19583333333333333 0.228125 0.05555555555555555 0.03125
54 0.35 0.275 0.05555555555555555 0.03125
1014 0.8222222222222222 0.321875 0.05555555555555555 0.03125
1080 0.8222222222222222 0.36875 0.05555555555555555 0.03125
1006 0.3638888888888889 0.415625 0.05555555555555555 0.03125
62 0.16527777777777777 0.4625 0.05555555555555555 0.03125
339 0.8222222222222222 0.509375 0.05555555555555555 0.03125
632 0.3236111111111111 0.55625 0.05555555555555555 0.03125
1148 0.30833333333333335 0.603125 0.05555555555555555 0.03125
36 0.28055555555555556 0.65 0.05555555555555555 0.03125
488 0.8111111111111111 0.696875 0.05555555555555555 0.03125
815 0.8111111111111111 0.74375 0.05555555555555555 0.03125
546 0.30833333333333335 0.790625 0.05555555555555555 0.03125
597 0.8111111111111111 0.8375 0.05555555555555555 0.03125
989 0.8111111111111111 0.884375 0.05555555555555555 0.03125
943 0.17916666666666667 0.93125 0.05555555555555555 0.03125
