3 0.3194444444444444 0.228125 0.05555555555555555 0.03125
916 0.8222222222222222 0.275 0.05555555555555555 0.03125
353 0.17916666666666667 0.321875 0.05555555555555555 0.03125
1055 0.8222222222222222 0.36875 0.05555555555555555 0.03125
514 0.8222222222222222 0.415625 0.05555555555555555 0.03125
620 0.3194444444444444 0.4625 0.05555555555555555 0.03125
510 0.8222222222222222 0.509375 0.05555555555555555 0.03125
228 0.30833333333333335 0.55625 0.05555555555555555 0.03125
860 0.1736111111111111 0.603125 0.05555555555555555 0.03125
103 0.8222222222222222 0.65 0.05555555555555555 0.03125
274 0.825 0.74375 0.05555555555555555 0.03125
51 0.8111111111111111 0.884375 0.05555555555555555 0.03125
425 0.8111111111111111 0.93125 0.05555555555555555 0.03125
