509 0.16527777777777777 0.18125 0.05555555555555555 0.03125
1143 0.28055555555555556 0.275 0.05555555555555555 0.03125
1017 0.6083333333333333 0.321875 0.05555555555555555 0.03125
455 0.8222222222222222 0.36875 0.05555555555555555 0.03125
141 0.8222222222222222 0.415625 0.05555555555555555 0.03125
959 0.8222222222222222 0.4625 0.05555555555555555 0.03125
167 0.3638888888888889 0.509375 0.05555555555555555 0.03125
823 0.17916666666666667 0.55625 0.05555555555555555 0.03125
238 0.8111111111111111 0.790625 0.05555555555555555 0.03125
1048 0.3638888888888889 0.884375 0.05555555555555555 0.03125
925 0.8111111111111111 0.93125 0.05555555555555555 0.03125
