824 0.3638888888888889 0.18125 0.05555555555555555 0.03125
171 0.8222222222222222 0.228125 0.05555555555555555 0.03125
891 0.3638888888888889 0.275 0.05555555555555555 0.03125
341 0.5180555555555556 0.321875 0.05555555555555555 0.03125
873 0.17916666666666667 0.36875 0.05555555555555555 0.03125
780 0.8222222222222222 0.509375 0.05555555555555555 0.03125
540 0.8222222222222222 0.55625 0.05555555555555555 0.03125
120 0.25972222222222224 0.603125 0.05555555555555555 0.03125
84 0.8222222222222222 0.65 0.05555555555555555 0.03125
671 0.825 0.790625 0.05555555555555555 0.03125
287 0.8111111111111111 0.884375 0.05555555555555555 0.03125
