603 0.8222222222222222 0.18125 0.05555555555555555 0.03125
983 0.17916666666666667 0.228125 0.05555555555555555 0.03125
112 0.8222222222222222 0.275 0.05555555555555555 0.03125
1067 0.3236111111111111 0.415625 0.05555555555555555 0.03125
14 0.3194444444444444 0.4625 0.05555555555555555 0.03125
920 0.8222222222222222 0.509375 0.05555555555555555 0.03125
146 0.8222222222222222 0.55625 0.05555555555555555 0.03125
122 0.8222222222222222 0.603125 0.05555555555555555 0.03125
1093 0.28055555555555556 0.65 0.05555555555555555 0.03125
907 0.25972222222222224 0.696875 0.05555555555555555 0.03125
663 0.3236111111111111 0.74375 0.05555555555555555 0.03125
555 0.2875 0.790625 0.05555555555555555 0.03125
874 0.8111111111111111 0.8375 0.05555555555555555 0.03125
988 0.8111111111111111 0.884375 0.05555555555555555 0.03125
1117 0.25972222222222224 0.93125 0.05555555555555555 0.03125
