656 0.2875 0.228125 0.05555555555555555 0.03125
936 0.3194444444444444 0.275 0.05555555555555555 0.03125
589 0.8222222222222222 0.321875 0.05555555555555555 0.03125
979 0.8222222222222222 0.36875 0.05555555555555555 0.03125
167 0.8222222222222222 0.415625 0.05555555555555555 0.03125
1087 0.8222222222222222 0.4625 0.05555555555555555 0.03125
290 0.8222222222222222 0.509375 0.05555555555555555 0.03125
913 0.17916666666666667 0.603125 0.05555555555555555 0.03125
407 0.8111111111111111 0.65 0.05555555555555555 0.03125
222 0.8111111111111111 0.696875 0.05555555555555555 0.03125
758 0.3236111111111111 0.790625 0.05555555555555555 0.03125
350 0.8111111111111111 0.8375 0.05555555555555555 0.03125
