56 0.17916666666666667 0.18125 0.05555555555555555 0.03125
55 0.825 0.228125 0.05555555555555555 0.03125
917 0.2875 0.275 0.05555555555555555 0.03125
983 0.17916666666666667 0.321875 0.05555555555555555 0.03125
1051 0.17916666666666667 0.36875 0.05555555555555555 0.03125
518 0.8222222222222222 0.4625 0.05555555555555555 0.03125
152 0.2875 0.509375 0.05555555555555555 0.03125
311 0.16527777777777777 0.55625 0.05555555555555555 0.03125
47 0.8111111111111111 0.603125 0.05555555555555555 0.03125
655 0.19583333333333333 0.65 0.05555555555555555 0.03125
135 0.8111111111111111 0.696875 0.05555555555555555 0.03125
345 0.8111111111111111 0.74375 0.05555555555555555 0.03125
554 0.8111111111111111 0.790625 0.05555555555555555 0.03125
949 0.3236111111111111 0.8375 0.05555555555555555 0.03125
245 0.8111111111111111 0.884375 0.05555555555555555 0.03125
431 0.8111111111111111 0.93125 0.05555555555555555 0.03125
