667 0.8222222222222222 0.18125 0.05555555555555555 0.03125
7 0.8222222222222222 0.228125 0.05555555555555555 0.03125
1012 0.8222222222222222 0.275 0.05555555555555555 0.03125
302 0.8222222222222222 0.321875 0.05555555555555555 0.03125
610 0.8222222222222222 0.36875 0.05555555555555555 0.03125
202 0.8222222222222222 0.415625 0.05555555555555555 0.03125
13 0.825 0.4625 0.05555555555555555 0.03125
501 0.28055555555555556 0.55625 0.05555555555555555 0.03125
148 0.8111111111111111 0.603125 0.05555555555555555 0.03125
64 0.17916666666666667 0.65 0.05555555555555555 0.03125
1098 0.8111111111111111 0.696875 0.05555555555555555 0.03125
743 0.3638888888888889 0.74375 0.05555555555555555 0.03125
833 0.8111111111111111 0.790625 0.05555555555555555 0.03125
411 0.8111111111111111 0.884375 0.05555555555555555 0.03125
