1038 0.8222222222222222 0.18125 0.05555555555555555 0.03125
721 0.35 0.228125 0.05555555555555555 0.03125
839 0.16527777777777777 0.275 0.05555555555555555 0.03125
731 0.35 0.321875 0.05555555555555555 0.03125
379 0.8222222222222222 0.36875 0.05555555555555555 0.03125
356 0.8222222222222222 0.415625 0.05555555555555555 0.03125
161 0.20972222222222223 0.4625 0.05555555555555555 0.03125
691 0.30833333333333335 0.509375 0.05555555555555555 0.03125
346 0.17916666666666667 0.55625 0.05555555555555555 0.03125
487 0.3194444444444444 0.603125 0.05555555555555555 0.03125
669 0.30833333333333335 0.65 0.05555555555555555 0.03125
617 0.3236111111111111 0.696875 0.05555555555555555 0.03125
140 0.8111111111111111 0.74375 0.05555555555555555 0.03125
813 0.3638888888888889 0.790625 0.05555555555555555 0.03125
343 0.8111111111111111 0.8375 0.05555555555555555 0.03125
550 0.17916666666666667 0.884375 0.05555555555555555 0.03125
