81 0.6083333333333333 0.228125 0.05555555555555555 0.03125
477 0.28055555555555556 0.275 0.05555555555555555 0.03125
971 0.8222222222222222 0.321875 0.05555555555555555 0.03125
1113 0.35 0.415625 0.05555555555555555 0.03125
839 0.8222222222222222 0.4625 0.05555555555555555 0.03125
528 0.8222222222222222 0.509375 0.05555555555555555 0.03125
419 0.25972222222222224 0.55625 0.05555555555555555 0.03125
129 0.8222222222222222 0.603125 0.05555555555555555 0.03125
469 0.8111111111111111 0.65 0.05555555555555555 0.03125
1105 0.8111111111111111 0.74375 0.05555555555555555 0.03125
1135 0.8111111111111111 0.790625 0.05555555555555555 0.03125
1010 0.3638888888888889 0.8375 0.05555555555555555 0.03125
236 0.8111111111111111 0.884375 0.05555555555555555 0.03125
149 0.35 0.93125 0.05555555555555555 0.03125
