11 0.8222222222222222 0.18125 0.05555555555555555 0.03125
1045 0.8222222222222222 0.275 0.05555555555555555 0.03125
458 0.8222222222222222 0.321875 0.05555555555555555 0.03125
400 0.25972222222222224 0.36875 0.05555555555555555 0.03125
57 0.8222222222222222 0.415625 0.05555555555555555 0.03125
478 0.20972222222222223 0.4625 0.05555555555555555 0.03125
1147 0.5180555555555556 0.603125 0.05555555555555555 0.03125
629 0.8111111111111111 0.65 0.05555555555555555 0.03125
399 0.2875 0.696875 0.05555555555555555 0.03125
163 0.8111111111111111 0.74375 0.05555555555555555 0.03125
1058 0.25972222222222224 0.790625 0.05555555555555555 0.03125
1092 0.28055555555555556 0.8375 0.05555555555555555 0.03125
1093 0.8111111111111111 0.884375 0.05555555555555555 0.03125
