523 0.17916666666666667 0.18125 0.05555555555555555 0.03125
130 0.8222222222222222 0.228125 0.05555555555555555 0.03125
716 0.8222222222222222 0.275 0.05555555555555555 0.03125
682 0.16527777777777777 0.321875 0.05555555555555555 0.03125
740 0.3194444444444444 0.36875 0.05555555555555555 0.03125
414 0.8222222222222222 0.415625 0.05555555555555555 0.03125
1039 0.8222222222222222 0.4625 0.05555555555555555 0.03125
855 0.5180555555555556 0.509375 0.05555555555555555 0.03125
905 0.8111111111111111 0.55625 0.05555555555555555 0.03125
660 0.8111111111111111 0.603125 0.05555555555555555 0.03125
773 0.8111111111111111 0.65 0.05555555555555555 0.03125
215 0.8111111111111111 0.74375 0.05555555555555555 0.03125
304 0.8111111111111111 0.790625 0.05555555555555555 0.03125
28 0.2875 0.8375 0.05555555555555555 0.03125
247 0.5180555555555556 0.884375 0.05555555555555555 0.03125
