137 0.8222222222222222 0.18125 0.05555555555555555 0.03125
613 0.8222222222222222 0.228125 0.05555555555555555 0.03125
559 0.3638888888888889 0.36875 0.05555555555555555 0.03125
1151 0.8222222222222222 0.415625 0.05555555555555555 0.03125
1064 0.825 0.4625 0.05555555555555555 0.03125
594 0.8222222222222222 0.55625 0.05555555555555555 0.03125
609 0.3236111111111111 0.603125 0.05555555555555555 0.03125
592 0.5180555555555556 0.65 0.05555555555555555 0.03125
918 0.5180555555555556 0.696875 0.05555555555555555 0.03125
808 0.16527777777777777 0.74375 0.05555555555555555 0.03125
613 0.25972222222222224 0.790625 0.05555555555555555 0.03125
384 0.3236111111111111 0.8375 0.05555555555555555 0.03125
765 0.35 0.884375 0.05555555555555555 0.03125
308 0.3638888888888889 0.93125 0.05555555555555555 0.03125
