251 0.6083333333333333 0.18125 0.05555555555555555 0.03125
123 0.8222222222222222 0.228125 0.05555555555555555 0.03125
536 0.20972222222222223 0.275 0.05555555555555555 0.03125
649 0.8222222222222222 0.415625 0.05555555555555555 0.03125
927 0.8222222222222222 0.4625 0.05555555555555555 0.03125
6 0.8222222222222222 0.509375 0.05555555555555555 0.03125
919 0.8222222222222222 0.55625 0.05555555555555555 0.03125
710 0.25972222222222224 0.603125 0.05555555555555555 0.03125
74 0.8111111111111111 0.74375 0.05555555555555555 0.03125
831 0.8111111111111111 0.790625 0.05555555555555555 0.03125
950 0.8111111111111111 0.884375 0.05555555555555555 0.03125
1120 0.8111111111111111 0.93125 0.05555555555555555 0.03125
