5 0.8222222222222222 0.18125 0.05555555555555555 0.03125
602 0.8222222222222222 0.228125 0.05555555555555555 0.03125
1114 0.8222222222222222 0.275 0.05555555555555555 0.03125
273 0.2875 0.36875 0.05555555555555555 0.03125
832 0.3236111111111111 0.415625 0.05555555555555555 0.03125
852 0.5180555555555556 0.4625 0.05555555555555555 0.03125
769 0.8222222222222222 0.509375 0.05555555555555555 0.03125
911 0.35 0.55625 0.05555555555555555 0.03125
1041 0.8111111111111111 0.603125 0.05555555555555555 0.03125
900 0.1736111111111111 0.65 0.05555555555555555 0.03125
986 0.8111111111111111 0.696875 0.05555555555555555 0.03125
272 0.8111111111111111 0.74375 0.05555555555555555 0.03125
435 0.28055555555555556 0.790625 0.05555555555555555 0.03125
