1059 0.35 0.18125 0.05555555555555555 0.03125
906 0.17916666666666667 0.228125 0.05555555555555555 0.03125
1064 0.35 0.321875 0.05555555555555555 0.03125
297 0.8222222222222222 0.36875 0.05555555555555555 0.03125
250 0.8222222222222222 0.415625 0.05555555555555555 0.03125
459 0.8222222222222222 0.4625 0.05555555555555555 0.03125
686 0.8222222222222222 0.509375 0.05555555555555555 0.03125
776 0.20972222222222223 0.55625 0.05555555555555555 0.03125
1083 0.19583333333333333 0.603125 0.05555555555555555 0.03125
889 0.19583333333333333 0.65 0.05555555555555555 0.03125
1115 0.19583333333333333 0.74375 0.05555555555555555 0.03125
124 0.8111111111111111 0.790625 0.05555555555555555 0.03125
153 0.5180555555555556 0.8375 0.05555555555555555 0.03125
830 0.5180555555555556 0.884375 0.05555555555555555 0.03125
396 0.5180555555555556 0.93125 0.05555555555555555 0.03125
