1146 0.28055555555555556 0.18125 0.05555555555555555 0.03125
322 0.8222222222222222 0.228125 0.05555555555555555 0.03125
565 0.5180555555555556 0.321875 0.05555555555555555 0.03125
198 0.8222222222222222 0.36875 0.05555555555555555 0.03125
757 0.8222222222222222 0.415625 0.05555555555555555 0.03125
271 0.19583333333333333 0.4625 0.05555555555555555 0.03125
222 0.19583333333333333 0.509375 0.05555555555555555 0.03125
787 0.28055555555555556 0.55625 0.05555555555555555 0.03125
474 0.3638888888888889 0.603125 0.05555555555555555 0.03125
1045 0.8111111111111111 0.65 0.05555555555555555 0.03125
1000 0.8111111111111111 0.696875 0.05555555555555555 0.03125
696 0.8111111111111111 0.74375 0.05555555555555555 0.03125
761 0.8111111111111111 0.8375 0.05555555555555555 0.03125
501 0.28055555555555556 0.884375 0.05555555555555555 0.03125
266 0.28055555555555556 0.93125 0.05555555555555555 0.03125
