657 0.17916666666666667 0.18125 0.05555555555555555 0.03125
734 0.28055555555555556 0.228125 0.05555555555555555 0.03125
175 0.8222222222222222 0.275 0.05555555555555555 0.03125
243 0.8222222222222222 0.321875 0.05555555555555555 0.03125
619 0.30833333333333335 0.415625 0.05555555555555555 0.03125
1112 0.20972222222222223 0.4625 0.05555555555555555 0.03125
598 0.8222222222222222 0.509375 0.05555555555555555 0.03125
149 0.8222222222222222 0.55625 0.05555555555555555 0.03125
1081 0.8222222222222222 0.603125 0.05555555555555555 0.03125
969 0.3638888888888889 0.65 0.05555555555555555 0.03125
670 0.25972222222222224 0.696875 0.05555555555555555 0.03125
834 0.3236111111111111 0.74375 0.05555555555555555 0.03125
448 0.8111111111111111 0.8375 0.05555555555555555 0.03125
206 0.19583333333333333 0.884375 0.05555555555555555 0.03125
697 0.8111111111111111 0.93125 0.05555555555555555 0.03125
