1007 0.20972222222222223 0.18125 0.05555555555555555 0.03125
779 0.8222222222222222 0.275 0.05555555555555555 0.03125
452 0.8222222222222222 0.321875 0.05555555555555555 0.03125
1134 0.8222222222222222 0.36875 0.05555555555555555 0.03125
61 0.3236111111111111 0.415625 0.05555555555555555 0.03125
319 0.17916666666666667 0.4625 0.05555555555555555 0.03125
800 0.8222222222222222 0.509375 0.05555555555555555 0.03125
209 0.3638888888888889 0.55625 0.05555555555555555 0.03125
121 0.8111111111111111 0.603125 0.05555555555555555 0.03125
53 0.8111111111111111 0.790625 0.05555555555555555 0.03125
865 0.8111111111111111 0.8375 0.05555555555555555 0.03125
1143 0.3236111111111111 0.93125 0.05555555555555555 0.03125
