908 0.17916666666666667 0.228125 0.05555555555555555 0.03125
1127 0.8222222222222222 0.275 0.05555555555555555 0.03125
28 0.2875 0.415625 0.05555555555555555 0.03125
665 0.28055555555555556 0.4625 0.05555555555555555 0.03125
473 0.19583333333333333 0.509375 0.05555555555555555 0.03125
1161 0.8111111111111111 0.55625 0.05555555555555555 0.03125
666 0.19583333333333333 0.65 0.05555555555555555 0.03125
1020 0.8111111111111111 0.696875 0.05555555555555555 0.03125
338 0.17916666666666667 0.74375 0.05555555555555555 0.03125
1052 0.8111111111111111 0.8375 0.05555555555555555 0.03125
352 0.1736111111111111 0.884375 0.05555555555555555 0.03125
735 0.8111111111111111 0.93125 0.05555555555555555 0.03125
