519 0.3236111111111111 0.228125 0.05555555555555555 0.03125
1133 0.28055555555555556 0.275 0.05555555555555555 0.03125
101 0.1736111111111111 0.321875 0.05555555555555555 0.03125
196 0.8222222222222222 0.36875 0.05555555555555555 0.03125
165 0.19583333333333333 0.415625 0.05555555555555555 0.03125
587 0.2875 0.4625 0.05555555555555555 0.03125
186 0.2875 0.509375 0.05555555555555555 0.03125
119 0.8111111111111111 0.55625 0.05555555555555555 0.03125
281 0.825 0.603125 0.05555555555555555 0.03125
495 0.8111111111111111 0.65 0.05555555555555555 0.03125
746 0.35 0.696875 0.05555555555555555 0.03125
374 0.8111111111111111 0.74375 0.05555555555555555 0.03125
728 0.3194444444444444 0.790625 0.05555555555555555 0.03125
436 0.8111111111111111 0.8375 0.05555555555555555 0.03125
291 0.8111111111111111 0.884375 0.05555555555555555 0.03125
185 0.8111111111111111 0.93125 0.05555555555555555 0.03125
