20 0.8222222222222222 0.18125 0.05555555555555555 0.03125
345 0.8222222222222222 0.228125 0.05555555555555555 0.03125
390 0.8222222222222222 0.275 0.05555555555555555 0.03125
659 0.5180555555555556 0.321875 0.05555555555555555 0.03125
752 0.30833333333333335 0.415625 0.05555555555555555 0.03125
396 0.8222222222222222 0.4625 0.05555555555555555 0.03125
789 0.8222222222222222 0.509375 0.05555555555555555 0.03125
704 0.8222222222222222 0.603125 0.05555555555555555 0.03125
1138 0.8111111111111111 0.65 0.05555555555555555 0.03125
95 0.20972222222222223 0.74375 0.05555555555555555 0.03125
791 0.8111111111111111 0.790625 0.05555555555555555 0.03125
841 0.8111111111111111 0.8375 0.05555555555555555 0.03125
33 0.8111111111111111 0.884375 0.05555555555555555 0.03125
1096 0.25972222222222224 0.93125 0.05555555555555555 0.03125
