749 0.8222222222222222 0.18125 0.05555555555555555 0.03125
235 0.8222222222222222 0.228125 0.05555555555555555 0.03125
764 0.8222222222222222 0.275 0.05555555555555555 0.03125
78 0.8222222222222222 0.321875 0.05555555555555555 0.03125
1098 0.5180555555555556 0.415625 0.05555555555555555 0.03125
882 0.8222222222222222 0.4625 0.05555555555555555 0.03125
822 0.825 0.509375 0.05555555555555555 0.03125
489 0.35 0.55625 0.05555555555555555 0.03125
755 0.8111111111111111 0.603125 0.05555555555555555 0.03125
1072 0.28055555555555556 0.65 0.05555555555555555 0.03125
1020 0.3236111111111111 0.696875 0.05555555555555555 0.03125
262 0.8111111111111111 0.74375 0.05555555555555555 0.03125
600 0.8111111111111111 0.790625 0.05555555555555555 0.03125
709 0.8111111111111111 0.8375 0.05555555555555555 0.03125
470 0.20972222222222223 0.93125 0.05555555555555555 0.03125
