556 0.8222222222222222 0.18125 0.05555555555555555 0.03125
625 0.8222222222222222 0.275 0.05555555555555555 0.03125
516 0.8222222222222222 0.321875 0.05555555555555555 0.03125
285 0.19583333333333333 0.509375 0.05555555555555555 0.03125
1070 0.2875 0.55625 0.05555555555555555 0.03125
208 0.8222222222222222 0.603125 0.05555555555555555 0.03125
904 0.6083333333333333 0.65 0.05555555555555555 0.03125
52 0.30833333333333335 0.790625 0.05555555555555555 0.03125
607 0.8111111111111111 0.8375 0.05555555555555555 0.03125
132 0.35 0.884375 0.05555555555555555 0.03125
