636 0.8222222222222222 0.18125 0.05555555555555555 0.03125
699 0.3638888888888889 0.228125 0.05555555555555555 0.03125
897 0.3236111111111111 0.275 0.05555555555555555 0.03125
398 0.2875 0.321875 0.05555555555555555 0.03125
735 0.8222222222222222 0.36875 0.05555555555555555 0.03125
355 0.8222222222222222 0.415625 0.05555555555555555 0.03125
196 0.8222222222222222 0.4625 0.05555555555555555 0.03125
410 0.825 0.509375 0.05555555555555555 0.03125
700 0.30833333333333335 0.55625 0.05555555555555555 0.03125
225 0.3194444444444444 0.603125 0.05555555555555555 0.03125
870 0.8111111111111111 0.65 0.05555555555555555 0.03125
618 0.825 0.696875 0.05555555555555555 0.03125
439 0.8111111111111111 0.74375 0.05555555555555555 0.03125
965 0.825 0.790625 0.05555555555555555 0.03125
1150 0.8111111111111111 0.8375 0.05555555555555555 0.03125
1086 0.8111111111111111 0.884375 0.05555555555555555 0.03125
